0.3333333333333334	0.3333333333333334	0.3333333333333334
0.3337319992741618	0.33293707611834306	0.3333309246074958
0.33492449620795256	0.3317573005435591	0.33331820324848904
0.33690264932445235	0.32981404499990524	0.333283305675643
0.33965595908067064	0.3271314069444512	0.33321263397487855
0.3431716510622286	0.3237374666045707	0.33309088233320117
0.3474347345808562	0.31966419189107925	0.3329010735280646
0.3524280697669046	0.3149473246898548	0.33262460554324075
0.35813244287780954	0.3096262487850813	0.33224130833710946
0.36452664950656566	0.3037438397515159	0.33172951074191864
0.37158758533862085	0.29734629723772554	0.33106611742365355
0.37929034407134365	0.2904829601467076	0.3302266957819489
0.3876083220775299	0.283206105304343	0.3291855726181274
0.3965133293634682	0.27557073028935847	0.3279159403471734
0.40597570634299923	0.2676343211804954	0.32638997247650575
0.41596444592197657	0.2594566060570314	0.32457894802099224
0.42644732036266936	0.25109929516725904	0.3224533844700716
0.4373910123750834	0.24262580875562223	0.31998317886929484
0.4487612498620384	0.2341009936124953	0.3171377565254669
0.4605229437272503	0.2255908294807206	0.31388622679202993
0.4726403281406826	0.21716212651954384	0.31019754533977417
0.48507710264320975	0.20888221508912927	0.30604068226766135
0.49779657546317924	0.2008186291770015	0.3013847953598198
0.5107618074108911	0.19303878484115713	0.2961994077479525
0.5239357557133483	0.18560965509284116	0.29045458919381145
0.537281417150923	0.17859744268472613	0.28412114016435164
0.5507619698598516	0.17206725230710876	0.27717077783304056
0.5643409131697186	0.16608276372542313	0.26957632310485913
0.5779822048533367	0.16070590741652827	0.2613118877301356
0.5916503951776152	0.1559965442785846	0.25235306054380113
0.6053107571581448	0.152012150999587	0.24267709184226907
0.6189294124372459	0.14880751267255712	0.232263074890198
0.6324734522250473	0.14643442424076106	0.2210921235341927
0.6459110527657652	0.14494140234393965	0.20914754489029597
0.6592115848165774	0.14437340911626223	0.19641500606716125
0.6723457166542939	0.14477158945838903	0.18288269388731823
0.685285510155265	0.14617302326961193	0.16854146657512423
0.6980045095265106	0.14861049408144095	0.15338499639204997
0.7104778223007748	0.15211227548124126	0.13740990221798513
0.7226821922449584	0.15670193665362858	0.1206158711014142
0.7345960638699585	0.16239816829836026	0.10300576783168225
0.7461996382702307	0.16921463010656748	0.08458573162320257
0.7574749200631538	0.17715982089251647	0.06536525904433088
0.7684057552413421	0.18623697238586295	0.045357272372796076
0.7789778597952454	0.1964439675898787	0.02457817261487716
0.7891788390084203	0.20777328450466376	0.003047876486917067
0.798998197373631	0.22021196590127246	-0.01921016327490216
0.808427339124127	0.23374161571343205	-0.04216895483755789
0.8174595594209129	0.24833842248849836	-0.06579798190940994
0.826090026283256	0.26397321020907016	-0.09006323649232456
0.8343157533959363	0.28061151666174683	-0.11492727005768144
0.8421355639725115	0.29821369939051984	-0.14034926336302983
0.8495500458989789	0.3167350691298237	-0.16628511502880092
0.8565614984264034	0.33612605046707494	-0.1926875488934766
0.8631738707241424	0.35633236933725987	-0.2195062400614004
0.8693926926469782	0.37729526680360237	-0.24668795945057875
0.875224998109593	0.3989517384292896	-0.27417673653888114
0.8806792415001321	0.42123479839651573	-0.30191403989664656
0.8857652076009144	0.4440737673815386	-0.3298389749824517
0.8904939155184783	0.46739458304889436	-0.3578884985673713
0.8948775171568729	0.49112013188527137	-0.38599764904214284
0.8989291907972643	0.5151706009546884	-0.414099791751951
0.9026630303733578	0.5394638480224455	-0.44212687839580145
0.906093931055661	0.5639157883667284	-0.4700097194223873
0.9092374717781071	0.5884407964746244	-0.4976782682527294
0.9121097953578938	0.6129521207045432	-0.5250619160624348
0.9147274868734181	0.6373623088904852	-0.5520897957639012
0.917107450975872	0.6615836427661095	-0.5786910937419796
0.9192667888172428	0.6855285789989309	-0.6047953678161719
0.9212226752811306	0.7091101945479954	-0.6303328698291241
0.9229922372028772	0.7322426339927834	-0.6552348711956584
0.9245924332619582	0.7548415564275601	-0.6794339896895162
0.9260399362224292	0.776824579474546	-0.7028645156969732
0.9273510181864166	0.7981117179417038	-0.7254627361281185
0.9285414395112518	0.8186258146371416	-0.7471672541483917
0.9296263420228914	0.8382929608525196	-0.7679193028754092
0.9306201471367943	0.8570429040428036	-0.7876630511795962
0.9315364594725519	0.8748094402594928	-0.8063458997320427
0.9323879765203513	0.8915307889392389	-0.8239187654595883
0.9331864048859289	0.9071499477096837	-0.8403363525956107
0.9339423836061724	0.9216150249493469	-0.8555574085555173
0.9346654149901045	0.9348795479284255	-0.869544962918528
0.9353638033997923	0.9469027444621964	-0.8822665478619865
0.9360446023429725	0.9576497961280538	-0.8936943984710244
0.9367135702040452	0.9670920612306804	-0.9038056314347236
0.9373751348927972	0.975207265846886	-0.912582400739681
0.9380323676409936	0.9819796614417129	-0.9200120290827045
0.9386869661260644	0.9874001477197227	-0.9260871138457849
0.9393392470487658	0.9914663595591671	-0.9308056066079307
0.9399881482381787	0.994182717071108	-0.9341708653092841
0.9406312403029993	0.9955604380294422	-0.9361916783324388
0.9412647477930458	0.9956175121301623	-0.9368822599232052
0.9418835797795632	0.9943786367578205	-0.9362622165373806
0.9424813697075246	0.9918751141628511	-0.9343564838703725
0.9430505243180374	0.988144710183776	-0.9311952345018102
0.9435822813844155	0.9832314748820075	-0.9268137562664197
0.9440667759518448	0.9771855256925063	-0.921252301644348
0.9444931147180853	0.9700627939294814	-0.9145559086475638
0.9448494581416783	0.9619247357210575	-0.906774193862733
0.9451231098149033	0.9528380086788796	-0.8979611184937801
0.945300612591617	0.9428741158363538	-0.888174728427968
0.945367850915307	0.932109018611078	-0.877476869526382
0.9453101587505742	0.9206227207614193	-0.8659328795119902
0.945112432482007	0.908498825512578	-0.8536112579945818
0.9447592481083471	0.8958240682223272	-0.8405833163306714
0.9442349820271624	0.882687827139418	-0.8269228091665775
0.9435239346762077	0.8691816149769939	-0.8127055496531985
0.9426104562724564	0.8553985541778535	-0.798009010450307
0.9414790738686216	0.8414328388867723	-0.7829119127553911
0.9401146189300398	0.8273791867661093	-0.7674938056961461
0.9385023546222212	0.8133322838935043	-0.7518346385157223
0.9366281019912921	0.799386226063577	-0.7360143280548662
0.934478364216113	0.7856339598783162	-0.7201123240944266
0.9320404481120989	0.7721667270525203	-0.7042071751646166
0.9293025820728072	0.7590735153806188	-0.6883760974534235
0.9262540296461905	0.7464405198089653	-0.6726945494551535
0.9228851979580808	0.7343506170329279	-0.6572358149910065
0.919187740215943	0.7228828569906536	-0.6420705972065944
0.9151546515512031	0.7121119745551922	-0.6272666261063929
0.910780357488406	0.7021079246339275	-0.6128882821223308
0.906060794364045	0.6929354437692375	-0.5989962381332796
0.9009934810569824	0.6846536411975057	-0.585647122254485
0.8955775814357979	0.6773156221656278	-0.5728932036014227
0.8898139569760081	0.6709681461258417	-0.560782103101847
0.8837052090516629	0.6656513222319557	-0.5493565312836157
0.8772557104611552	0.6613983443440087	-0.538654054805161
0.8704716258058864	0.6582352675153053	-0.5287068933211889
0.8633609204024646	0.656180827687006	-0.519541748089468
0.8559333574740648	0.6552463060525631	-0.5111796635266255
0.8482004834341367	0.655435439278915	-0.5036359227130494
0.8401756011454367	0.6567443764852269	-0.4969199776306612
0.8318737311090709	0.6591616835849756	-0.4910354146940441
0.823311560611439	0.6626683952952288	-0.48597995590666543
0.8145073809312928	0.6672381148101114	-0.48174549574140213
0.8054810127841607	0.6728371608257264	-0.47831817360988493
0.7962537202566864	0.6794247612933364	-0.47567848155002074
0.7868481135586113	0.6869532929685542	-0.4738014065271636
0.7772880409946752	0.6953685655187873	-0.47265660651346075
0.7675984706322475	0.7046101486513833	-0.47220861928362895
0.7578053622125278	0.7146117404329607	-0.4724171026454865
0.7479355299232386	0.7253015746883872	-0.4732371046116238
0.7380164967184302	0.736602865097794	-0.47461936181622216
0.7280763409358468	0.748434283353899	-0.4765106242897439
0.7181435360238835	0.7607104685016144	-0.47885400452549587
0.7082467842479905	0.7733425643592358	-0.48158934860722397
0.6984148453001038	0.7862387817171153	-0.4846536270172167
0.6886763607838438	0.7993049818271727	-0.4879813426110141
0.6790596755924678	0.8124452775362869	-0.4915049531287524
0.6695926572355109	0.825562648279808	-0.4951553055153167
0.6603025142033552	0.8385595650392292	-0.4988620792425824
0.6512156144863199	0.8513386212813832	-0.5025542357677011
0.6423573053859569	0.8638031658361318	-0.5061604712220867
0.6337517357708238	0.875857933635965	-0.5096096694067866
0.6254216819368437	0.8874096702345857	-0.5128313521714273
0.6173883782332706	0.8983677460426308	-0.5157561242758995
0.6096713536090813	0.9086447562671204	-0.5183161098761997
0.6022882752212061	0.9181571026168669	-0.5204453778380711
0.5952548002253192	0.9268255529384918	-0.5220803531638089
0.588584436841868	0.9345757750762758	-0.5231602119181417
0.5822884157546693	0.9413388414030825	-0.5236272571577497
0.5763755728567734	0.9470517006480088	-0.5234272735047804
0.5708522443084868	0.9516576138481432	-0.522509858156628
0.5657221748156108	0.955106551475519	-0.5208287262911278
0.5609864399722725	0.9573555490345738	-0.5183419890068441
0.5566433834424288	0.958369018688543	-0.5150124021309692
0.5526885696775228	0.9581190147534906	-0.5108075844310107
0.5491147527851572	0.9565854511942337	-0.5057002039793884
0.5459118620754314	0.9537562695652433	-0.49966813164067225
0.5430670047181632	0.9496275561596605	-0.49269456087782115
0.540564485846066	0.9442036074586692	-0.48476809330473275
0.5383858463365652	0.9374969433093859	-0.47588278964594877
0.5365099183988702	0.9295282675999215	-0.4660381859987895
0.5349128989837559	0.9203263765429859	-0.45523927552674004
0.5335684409218514	0.9099280150220909	-0.4434964559439406
0.5324477615827614	0.8983776817946509	-0.4308254433774108
0.5315197687327067	0.8857273846818887	-0.41724715341459395
0.5307512031532851	0.8720363472040512	-0.4027875503573346
0.5301067974691522	0.8573706684388835	-0.3874774659080338
0.529549450518634	0.8418029381894199	-0.3713523887080521
0.5290404164892701	0.8254118098418314	-0.35445222633109996
0.5285395079308179	0.8082815335733734	-0.3368210415041898
0.5280053116520875	0.7905014528325137	-0.31850676448459936
0.5273954164058969	0.7721654672563361	-0.2995608836622316
0.5266666511691787	0.7533714654126881	-0.2800381165818652
0.5257753327336143	0.7342207309547817	-0.2599960636883941
0.5246775212368271	0.7148173259527694	-0.23949484718959496
0.5233292821858375	0.6952674553189869	-0.2185967375048229
0.5216869534538677	0.6756788163701001	-0.19736576982396636
0.5197074156693301	0.6561599376695192	-0.17586735333884795
0.5173483643625154	0.6368195113664274	-0.15416787572894125
0.5145685821917174	0.6177657232932205	-0.1323343054849364
0.5113282095367928	0.5991055851007421	-0.11043379463753344
0.5075890117248816	0.5809442727003277	-0.08853328442520758
0.5033146411406597	0.5633844752434551	-0.06669911638411341
0.4984708924723531	0.546525758803988	-0.04499665127633967
0.49302594935508315	0.5304639488350344	-0.023489898190116043
0.48695062069514883	0.5152905353530012	-0.002241156048148174
0.48021856499267157	0.5010921046562492	0.018689330351081446
0.4728065010256988	0.48794980121586323	0.03924369775844033
0.4646944033163077	0.4759388231825441	0.059366773501150605
0.45586568086836915	0.4651279547378158	0.07900636439381753
0.4463073377472103	0.4555791382810038	0.0981135239717883
0.4360101141631173	0.44734708918739663	0.11664279664948829
0.4249686068231256	0.44047895559927097	0.13455243757760593
0.41318136742832345	0.4350140254218925	0.1518046071497866
0.4006509783164255	0.43098348239304296	0.16836553929053427
0.3873841043810087	0.42841021277908653	0.18420568283990785
0.37339152053882674	0.42730866392512	0.19929981553605639
0.3586881141642347	0.42768475555345653	0.21362713028231192
0.3432928620640949	0.4295358443657557	0.22717129357015248
0.3272287817266678	0.43285074216172126	0.23992047611161377
0.3105228567429086	0.4376097873436692	0.25186735591342513
0.2932059364672348	0.44378496933363804	0.2630090941991302
0.2753126101561132	0.4513401050903037	0.273347284753586
0.2568810559955479	0.46023106657894	0.2828878774255149
0.23795286560158535	0.470406057721242	0.2916410766771752
0.21857284475005026	0.4818059390350389	0.2996212162149134
0.19878879126165033	0.494364597868899	0.3068466108694531
0.1786512511351079	0.5080093618452652	0.3133393870196298
0.15821325418284277	0.5226614528499772	0.31912529296718295
0.1375300305796858	0.5382364786476335	0.3242334907726837
0.11665870988396644	0.5546449589628257	0.32869633115321095
0.0956580042308608	0.5717928826484806	0.33254911312066177
0.07458787752898507	0.5895822923656946	0.3358298301053236
0.0535092026117567	0.6079118930258904	0.3385789043623558
0.032483408403976906	0.6266776800969265	0.34083891149909973
0.011572119260440543	0.6457735837509643	0.3426542969885986
-0.009163211283754212	0.6650921247342185	0.3440710865495388
-0.029661670042969532	0.6845250777678195	0.34513659227515336
-0.049863254629081644	0.7039641382453499	0.3458991163837353
-0.06970924241818295	0.7233015879765199	0.3464076544416666
-0.08914255561454308	0.7424309557379153	0.34671159987663136
-0.1081081199853097	0.7612476684308113	0.34686045155450196
-0.12655321485112353	0.7796496887123773	0.3469035261387498
-0.14442781194653542	0.7975381350597723	0.34688967688676675
-0.16168490080988845	0.8148178803460453	0.34686702046384704
-0.17828079842502342	0.8313981251515954	0.34688267327343186
-0.19417544091663336	0.8471929422042903	0.3469824987123468
-0.2093326551968762	0.8621217885340128	0.3472108666628674
-0.2237204085725646	0.8761099821421816	0.34761042643038675
-0.23731103444921067	0.8890891402222085	0.34822189422700556
-0.2500814324096753	0.9009975762213496	0.34908385618832893
-0.2620132411003422	0.9117806533063034	0.35023258779404176
-0.27309298252555814	0.9213910920823809	0.35170189044318023
-0.2833121765305362	0.9297892307171843	0.35352294581335475
-0.2926674244427572	0.9369432359325076	0.3557241885102525
-0.30116046104089333	0.9428292636504848	0.3583311973904115
-0.30879817422701455	0.9474315684097192	0.36136660581729824
-0.315592591990902	0.9507425610020181	0.3648500309888864
-0.32156083647315314	0.9527628141181814	0.3687980223549745
-0.32672504515489803	0.9535010161297792	0.3732240290251211
-0.33111225942472045	0.95297387347076	0.3781383859539625
-0.3347542809961697	0.951205962415729	0.38354831858044247
-0.3376874968704588	0.9482295313786893	0.38945796549177125
-0.33995267375686006	0.9440842551746544	0.39586841858220706
-0.34159472307636013	0.938816942994767	0.4027777800815946
-0.34266243788068607	0.932481202141269	0.41018123573941856
-0.3432082032173077	0.9251370598499596	0.41807114336734974
-0.3432876816599171	0.9168505457926905	0.42643713586722837
-0.34295947590179887	0.907693238099331	0.43526623780246976
-0.3422847704749621	0.8977417759657567	0.4445429945092073
-0.3413269548097133	0.8870773421203726	0.4542496126893427
-0.34015122998627034	0.8757851186050839	0.46436611138118833
-0.33882420165098515	0.8639537194863172	0.4748704821646701
-0.33741346167380043	0.8516746042466645	0.4857388574271381
-0.33598716120989747	0.8390414757171392	0.4969456854927605
-0.3346135778963574	0.8261496664932215	0.5084639114031382
-0.333360679963571	0.8130955178344191	0.5202651621291546
-0.3322956900706119	0.7999757550766304	0.5323199349939839
-0.33148465168362107	0.7868868635891644	0.5445977880944595
-0.3309920008063089	0.7739244692838606	0.5570675315224516
-0.33088014584202363	0.7611827276327692	0.5696974182092583
-0.33120905831762903	0.7487537250736584	0.5824553332439741
-0.3320358771310767	0.7367268965799929	0.5953089805510876
-0.3334145288974879	0.725188463044717	0.6082260658527747
-0.3353953668634856	0.7142208919762986	0.6211744748871912
-0.33802483073713474	0.7039023848320984	0.6341224459050404
-0.34134512964218244	0.6943063941196926	0.6470387355224938
-0.3453939502512421	0.6855011731826253	0.659892777068621
-0.3502041919844276	0.6775493613549435	0.6726548306294884
-0.3558037309788755	0.6705076069203736	0.6852961240585058
-0.36221521434199094	0.6644262300490348	0.6977889842929602
-0.3694558859985641	0.6593489276090472	0.7101069583895208
-0.377537445230632	0.6553125214642714	0.7222249237663645
-0.3864659387906597	0.6523467515747464	0.7341191872159174
-0.3962416872449515	0.6504741149153266	0.7457675723296289
-0.4068592459767818	0.6497097509226089	0.7571494950541767
-0.4183074010492586	0.6500613738726787	0.7682460271765835
-0.4305691998980759	0.6515292522846131	0.7790399476134662
-0.4436220165957338	0.6541062351391503	0.789515781456587
-0.4574376512031779	0.6577778244005814	0.7996598268025998
-0.471982462503727	0.6625222930347476	0.8094601694689827
-0.48721753319921235	0.668310847429008	0.8189066857702079
-0.5030988664409357	0.675107832843066	0.8279910335978728
-0.5195776123698199	0.6828709802543974	0.8367066321154258
-0.5366003231523206	0.6915516927103913	0.8450486304419325
-0.5541092348225869	0.7010953690627962	0.8530138657597941
-0.5720425740781041	0.7114417627400558	0.860600811338052
-0.5903348880267808	0.7225253730110004	0.8678095150157845
-0.6089173947489839	0.7342758660102264	0.8746415287387614
-0.627718352419281	0.7466185226324272	0.8810998297868581
-0.6466634446302686	0.7594747102607509	0.887188734369522
-0.665676179475428	0.7727623751737014	0.8929138043017308
-0.6846782998798371	0.7863965523766453	0.8982817475031958
-0.7035902026171541	0.8002898895280905	0.9033003130890671
-0.7223313634186115	0.8143531815777072	0.9079781818409078
-0.7408207655649466	0.8284959127026508	0.9123248528622998
-0.7589773293550504	0.8426268021210033	0.9163505272340511
-0.7767203398654441	0.8566543503757873	0.9200659894896601
-0.7939698704520683	0.8704873827196036	0.9234824877324685
-0.8106471994998591	0.884035586287945	0.9266116132119177
-0.8266752179955323	0.8972100378279212	0.9294651801676146
-0.8419788255841865	0.9099237188476181	0.9320551067365723
-0.8564853128699526	0.9220920151686924	0.9343932977012637
-0.8701247278340841	0.9336331979999621	0.9364915298341253
-0.8828302243695024	0.9444688838014623	0.9383613405680435
-0.8945383910679291	0.9545244703755048	0.940013920692428
-0.9051895585431297	0.9637295468022509	0.9414600117408825
-0.91472808373029	0.9720182750307964	0.9427098086994974
-0.9231026097659236	0.9793297411412646	0.943772868624663
-0.9302663002236768	0.9856082745073724	0.9446580257163082
-0.936177046657658	0.9908037333107854	0.9453733133468762
-0.9407976485851692	0.9948717550867208	0.9459258934984522
-0.9440959652236453	0.9977739712130874	0.9463219940105614
-0.9460450384809019	0.9994781844913472	0.9465668539895578
-0.9466231868821563	0.999958509204646	0.9466646776775127
-0.9458140703004816	0.9991954732760425	0.9466185970244418
-0.9436067255381281	0.9971760823852929	0.9464306431528384
-0.9399955729833387	0.9938938461351652	0.9461017268481768
-0.9349803947397368	0.9893487665861832	0.9456316281535574
-0.92856628479203	0.9835472897006936	0.94501899509134
-0.920763571931653	0.9765022204519024	0.9442613514797541
-0.9115877163180749	0.9682326025597675	0.9433551137583108
-0.9010591806950585	0.9587635640122988	0.942295616682763
-0.8892032774153124	0.9481261297167749	0.9410771476985405
-0.876049992551082	0.9363570027997337	0.9396929897513518
-0.8616337884816896	0.9234983162364568	0.9381354722452369
-0.8459933864512912	0.9095973566393032	0.9363960298119925
-0.8291715306808048	0.8947062621689807	0.9344652685118287
-0.8112147356967216	0.8788816966531846	0.9323330390435416
-0.7921730186060919	0.8621845021024873	0.9299885165036093
-0.772099618101283	0.844679331903672	0.9274202861976157
-0.7510507020200085	0.8264342670455782	0.9246164349744352
-0.7290850653157259	0.8075204177919263	0.9215646475238048
-0.7062638203108604	0.788011513259433	0.9182523070514332
-0.6826500811106543	0.7679834813879649	0.9146665997226954
-0.6583086440490425	0.7475140218026587	0.9107946222463902
-0.6333056660201235	0.7266821740661269	0.9066234919540033
-0.6077083425200063	0.7055678838024932	0.9021404587175196
-0.5815845871844837	0.6842515691444164	0.8973330180400741
-0.5550027145586895	0.6628136899100835	0.8921890246486126
-0.5280311277761991	0.6413343218598999	0.8866968059163056
-0.5007380127575785	0.6198927383129774	0.8808452744446075
-0.47319104046284943	0.5985670013222341	0.8746240391406223
-0.4454570786494061	0.5774335645147145	0.8680235141346985
-0.41760191449734757	0.5565668896014613	0.8610350248958929
-0.38968998936872595	0.5360390784497481	0.8536509109189846
-0.3617841468666151	0.5159195224906108	0.8458646243760108
-0.33394539525498806	0.49627457110730755	0.8376708241476873
-0.3062326851918983	0.47716722051648974	0.8290654646754154
-0.2787027036172113	0.458656824514467	0.820045879102751
-0.25140968452287876	0.4407988283168853	0.8106108562060002
-0.22440523721926867	0.4236445265724016	0.8007607106468737
-0.19773819259608966	0.407240846480422	0.7904973461156743
-0.17145446776172846	0.3916301567906467	0.7798243109710884
-0.1455969493310222	0.3768501033088809	0.7687468460221478
-0.12020539551930637	0.36293347138027016	0.7572719241390429
-0.09531635709064568	0.3499080756686134	0.7454082814220387
-0.07096311710106498	0.33779667739955305	0.7331664397015185
-0.047175649273900694	0.3266169290869977	0.7205587201869094
-0.023980594744651584	0.31638134661689893	0.7075992481277593
-0.0014012568173313866	0.307097308421129	0.694303948396209
0.020542386716177974	0.2987670813374173	0.6806905319464114
0.04183365422758373	0.29138787261967375	0.6667784731527493
0.06245911448800248	0.2849519074371469	0.6525889780748576
0.08240852517557411	0.2794465310812643	0.6381449437431687
0.10167475641009174	0.2748543349861246	0.6234709086037911
0.12025370013136835	0.2711533055628915	0.6085929943057475
0.13814416619308983	0.26831699475014714	0.5935388390567704
0.15534776609240036	0.26631471109189153	0.5783375228157155
0.17186878529733923	0.26511173007259337	0.5630194846300751
0.18771404516946824	0.2646695223647272	0.5476164324658124
0.20289275550765976	0.26494599857869894	0.5321612459136493
0.21741635876107276	0.2658957690481078	0.5166878721908275
0.231298366974952	0.26747041713494873	0.5012312158901071
0.24455419254217853	0.2696187844996504	0.4858270229581792
0.2572009738366292	0.2722872667497306	0.4705117594136485
0.26925739680157723	0.27542011785827103	0.45532248534015957
0.28074351355780774	0.2789597617292158	0.44029672471298426
0.2916805590820868	0.28284710928055756	0.4254723316373635
0.30209076698735887	0.287021879418598	0.4108873535940508
0.31199718541189114	0.2914229222863844	0.3965798923017321
0.32142349399579395	0.29598854318693685	0.3825879628172771
0.3303938228902824	0.3006568256066514	0.36894935150307406
0.33893257470803917	0.30536595179599313	0.35570147349597536
0.3470642502824065	0.31005451940295786	0.34288123031464385
0.35481327905927207	0.314661852699396	0.33052486824134014
0.36220385489874035	0.3191283069908035	0.31866783811046473
0.3692597780143708	0.3233955648561666	0.307344657129471
0.3760043037262656	0.3274069229255482	0.2965887733481948
0.3824599986509754	0.3311075679688227	0.28643243338021074
0.3886486048963824	0.3344448411389754	0.27690655396465114
0.39459091277378383	0.33736848928715885	0.268040597939066
0.40030664248265924	0.33983090234387786	0.2598624551734715
0.405814335166394	0.3417873358407624	0.25239832899285203
0.41113125367984693	0.34319611773000464	0.24567262859015665
0.4162732933524236	0.3440188387431882	0.23970786790439644
0.42125490297349355	0.3442205256175581	0.23452457140895636
0.426089016170889	0.3437697966052822	0.23014118722383686
0.43078699329805836	0.3426389987695891	0.2265740079323605
0.43535857389149235	0.34080432666037613	0.22383709944813934
0.4398118397074996	0.33824592205059445	0.22194223824191378
0.44415318829648703	0.3349479545030628	0.22089885720045793
0.44838731702380863	0.3308986826249406	0.2207140003512587
0.4525172173991119	0.3260904959535872	0.22139228664730884
0.4565441795311403	0.3205199375025738	0.22293588296629385
0.4604678064822189	0.31418770707990407	0.2253444864378849
0.4642860382563327	0.30709864557171807	0.2286153161719574
0.46799518511684246	0.29926170046362377	0.23274311441954193
0.47158996989461344	0.2906898729480424	0.2377201571573522
0.4750635789146615	0.28140014703933147	0.24353627404601505
0.47840772113945246	0.2714134011887183	0.25017887767183716
0.4816126950997149	0.2607543029580355	0.25763300194225736
0.48466746315908393	0.2494511873747005	0.26588134946622344
0.4875597326370824	0.23753591965014503	0.2749043477127804
0.4902760432958525	0.2250437429998434	0.2846802137043119
0.49280186067965215	0.21201311235504394	0.2951850269653118
0.4951216747823992	0.19848551480419732	0.30639281041341127
0.4972191035074305	0.1845052776457684	0.31827561884680894
0.4990770003750804	0.17011936497355679	0.3308036346513705
0.5006775659276234	0.15537716375077487	0.34394527032160954
0.5020024622774846	0.1403302603598821	0.3576672773626409
0.5030329302433195	0.12503220864154793	0.3719348611151402
0.5037499085195086	0.1095382904580911	0.3867118010224079
0.5041341543277311	0.09390526983432507	0.4019605758379513
0.5041663650044393	0.07819114174197211	0.41764249325359576
0.5038272999851845	0.06245487660270599	0.43371782341211673
0.5030979026557192	0.04675616158951851	0.4501459357547693
0.5019594215505201	0.031155139806540305	0.46688543864294696
0.500393530391719	0.015712148423755345	0.4838943211845329
0.49838244647531016	0.00048745683533685247	0.5011300966893604
0.49590904692676485	-0.014458994101293282	0.5185499471745357
0.4929569823647779	-0.029067850704027162	0.5361108683392573
0.48951078752961164	-0.043280601959697906	0.5537698144300944
0.4855559884513594	-0.05703983087287533	0.5714838424215242
0.4810792057532378	-0.07028946069596446	0.589210254942735
0.4760682537056953	-0.08297499509602364	0.6069067413903366
0.4705122346685471	-0.09504375134607441	0.6245315166775358
0.4644016285804279	-0.10644508566392678	0.6420434570835073
0.45772837717750525	-0.11713060985954243	0.6594022326820459
0.4504859626465072	-0.12705439849249267	0.6765684358459944
0.4426694804406117	-0.1361731857839786	0.6935037053433757
0.43427570601053045	-0.14444655157296232	0.7101708455624407
0.42530315522711454	-0.15183709565302367	0.7265339404259179
0.4157521382959433	-0.1583105998754235	0.7425584615794889
0.40562480698854214	-0.16383617745429646	0.7582113704657628
0.39492519503905343	-0.16838640896174512	0.7734612139227006
0.38365925157929687	-0.17193746455366007	0.7882782129743718
0.3718348675091175	-0.17446921202112242	0.8026343445120135
0.3594618947227047	-0.17596531031710416	0.8165034155944082
0.34655215813509405	-0.17641328826362485	0.8298611301285395
0.3331194604763095	-0.17580460820039523	0.8426851477240943
0.31917957984350054	-0.17413471439205924	0.8549551345485675
0.30475026002395966	-0.17140306606726813	0.8666528060433173
0.2898511936240091	-0.16761315501878477	0.8777619613947845
0.27450399806039755	-0.16277250774944418	0.8882685096890555
0.2587321844920294	-0.15689267220392536	0.8981604877119047
0.24256111979049558	-0.14998918918071755	0.9074280693902309
0.2260179816680143	-0.1420815485722695	0.916063566904264
0.20913170710093829	-0.13319313063388225	0.924061423532953
0.19193293420596608	-0.12335113253332547	0.9314181983273688
0.1744539377445772	-0.11258648048327594	0.9381325427387083
0.15672855844895925	-0.10093372780732171	0.9442051693583721
0.13879212637981422	-0.08843093933734711	0.9496388129575426
0.12068137854290334	-0.07511956258547076	0.9544381840425766
0.10243437100698138	-0.06104428617722235	0.9586099151702498
0.0840903857809018	-0.04625288607422354	0.9621625002933304
0.06568983272209736	-0.030796060154152066	0.965106227432063
0.047274146762368074	-0.014727251753146126	0.9674531049907867
0.02888568074991646	0.0018975371890646298	0.9692167820610278
0.010567594218857501	0.019019942708188187	0.9704124630729634
-0.0076362615910321174	0.03657944441503383	0.9710568171760074
-0.025681462130770827	0.05451357938431056	0.9711678827464699
-0.043523131011241306	0.07275816357559925	0.9707649674356518
-0.06111606419203322	0.09124752000665506	0.9698685441853883
-0.07841485652875435	0.10991471287890364	0.9685001436498606
-0.09537403030983474	0.12869178683734125	0.9666822434725036
-0.11194816540700597	0.14751001053206436	0.9644381548749517
-0.12809203065761188	0.16630012363634938	0.9617919070212726
-0.14376071609172347	0.18499258646657474	0.9587681296251588
-0.15890976561272765	0.20351783134238302	0.9553919342703547
-0.1734953097365935	0.22180651482122943	0.9516887949153738
-0.18747419799247508	0.23978976993993675	0.9476844280525482
-0.20080413058565172	0.2573994575969861	0.9434046729886751
-0.2134437889230757	0.27456841621304406	0.9388753727100413
-0.22535296460199977	0.29123070881359125	0.9341222557884181
-0.23649268646331678	0.3073218666864804	0.9291708197768462
-0.24682534531336492	0.3227791287787254	0.9240462165346494
-0.25631481592105476	0.3375416760108024	0.9187731399102624
-0.26492657590128743	0.35155085970315525	0.9133757161981424
-0.2726278211007348	0.36475042332837626	0.9078773977723686
-0.27938757710819	0.3770867168236412	0.9023008602845587
-0.28517680651886723	0.3885089027213255	0.8966679037975518
-0.2899685115902334	0.39896915338125477	0.8909993582089888
-0.29373783193621905	0.4084228386356758	0.8853149933005536
-0.29646213691696127	0.4168287031876766	0.879633433729295
-0.29812111239261163	0.42414903313537794	0.8739720792572445
-0.29869684152216636	0.4303498110276548	0.8683470304945227
-0.29817387930176853	0.43540085889234253	0.862773020409437
-0.29653932055146626	0.4392759687147512	0.8572633518367259
-0.29378286107499885	0.44195301988274155	0.8518298411922681
-0.28989685173379653	0.44341408315451974	0.8464827685792877
-0.2848763451940066	0.4436455107465786	0.8412308344474388
-0.27871913512399604	0.44263801218174115	0.8360811229422654
-0.2714257876393769	0.4403867155809498	0.8310390720584382
-0.2629996648131498	0.4368912141271634	0.8261084506859975
-0.2534469400900347	0.432155597475394	0.8212913426146518
-0.242776605466389	0.42618846792937704	0.8165881375370231
-0.23100047032030158	0.41900294125254756	0.811997529067765
-0.2181331518004217	0.4106166320287501	0.8075165197716828
-0.20419205670679097	0.4010516235363214	0.8031404331704808
-0.18919735482235692	0.3903344221477466	0.7988629326746217
-0.1731719436798578	0.3784958963158527	0.7946760473640165
-0.15614140477536484	0.3655712002563695	0.7905702045190068
-0.13813395126684422	0.3515996824855193	0.7865342687813365
-0.11918036722359132	0.3366247794199573	0.7825555878036454
-0.0993139385202266	0.320693894294767	0.7786200442254712
-0.0785703754970232	0.303858261703168	0.7747121137938664
-0.05698772753660336	0.2861727981090186	0.7708149294275961
-0.03460628973535021	0.2676959387299111	0.7669103510054506
-0.011468501876209902	0.24848946123460625	0.762979040641615
0.012381160062264612	0.22861829674352602	0.7590005431942205
0.036896299597797166	0.2081503286649603	0.7549533717372539
0.062028722346736176	0.18715617994235767	0.7508150977109173
0.08772856521918126	0.16570898932948144	0.7465624454513482
0.1139444318625423	0.14388417735015271	0.7421713907873161
0.14062353398317645	0.12175920263766328	0.737617263379171
0.16771183815048066	0.09941330938562035	0.7328748524639098
0.19515421766346994	0.07692726667679159	0.7279185156597495
0.22289460903648056	0.0543831004894183	0.7227222904741123
0.2508761726383581	0.03186381921127286	0.7172600081503805
0.2790414569984475	0.009453133520355816	0.7115054094812083
0.3073325662729454	-0.01276482848252572	0.705432262209592
0.3356913303468914	-0.034705809980146746	0.6990144796332669
0.3640594770303063	-0.056285717053644935	0.6922262400233503
0.39237880579185797	-0.0774209122563152	0.685042106464469
0.42059136246005596	-0.09802850918094233	0.6774371467208979
0.44863961431042243	-0.11802666704189091	0.66938705273148
0.47646662494745146	-0.13733488428274765	0.6608682593353079
0.5040162283825413	-0.15587429021284163	0.651858061830312
0.5312332017035287	-0.17356793367152537	0.6423347319680084
0.5580634357280585	-0.19034106771775722	0.6322776319897103
0.5844541030318213	-0.20612142934430824	0.6216673263124985
0.6103538227437726	-0.22083951322092757	0.6104856904771665
0.6357128215038272	-0.2344288384790064	0.5987160169751907
0.6604830899842571	-0.2468262075617941	0.5863431175775489
0.6846185343841242	-0.25797195617897917	0.5733534217948668
0.7080751223165928	-0.267810193422545	0.5597350711059639
0.7308110225218517	-0.27628903112217085	0.5454780086003302
0.7527867378537039	-0.2833608015431397	0.5305740636894467
0.7739652310055418	-0.2889822625576407	0.5150170315521096
0.7943120424615105	-0.2931147894515622	0.49880274699006233
0.8137954001810157	-0.2957245525632529	0.4819291523822481
0.8323863205494081	-0.29678267998827496	0.4643963594388778
0.8500587001545667	-0.2962654046248194	0.44620670447026367
0.8667893979781347	-0.29415419487808236	0.427364796899959
0.8825583076212952	-0.29043586838849605	0.4078775607672122
0.8973484192180803	-0.28510268819809953	0.3877542689800304
0.9111458707241957	-0.27815244082146834	0.3670065700972837
0.9239399883061177	-0.26958849574234545	0.3456485074362384
0.9357233155936431	-0.25941984591431005	0.32369653032067747
0.9464916315990014	-0.24766112890333034	0.30116949730433973
0.9562439571469769	-0.2343326283717443	0.27808867122477815
0.9649825497030263	-0.21946025566688807	0.2544777059638725
0.9727128865299957	-0.2030755113431132	0.23036262481312778
0.9794436361485742	-0.18521542651309808	0.20577179036453422
0.9851866181218586	-0.16592248399294565	0.18073586587109747
0.9899567512302208	-0.14524451927542273	0.15528776804521255
0.9937719901488166	-0.12323460143654798	0.12946261128774184
0.9966532507864233	-0.09995089415242554	0.1032976433660125
0.9986243244905899	-0.07545649707545318	0.07683217258487379
0.9997117813701808	-0.049819267891633504	0.050107486521463115
0.9999448630320543	-0.023111625453383466	0.02316676242133972
0.9993553650736423	0.004589665545235301	-0.003945030618866897
0.9979775097174142	0.03320372781183224	-0.031181237529235642
0.9958478090163676	0.06264582200707625	-0.0584936310234328
0.9930049191016223	0.09282761392316943	-0.08583253302478056
0.9894894859836968	0.12365745753910601	-0.1131469435227915
0.9853439834579056	0.15504069313456062	-0.14038467659245504
0.9806125437013621	0.18687995957812722	-0.16749250327947804
0.9753407811840994	0.2190755198415012	-0.19441630102558932
0.9695756105496712	0.25152559872933244	-0.22110120927899252
0.9633650591510626	0.2841267317551416	-0.24749179090619314
0.9567580749556975	0.3167741240371349	-0.2735321989928212
0.9498043305585924	0.34936201803425476	-0.2991663485928357
0.9425540240651422	0.38178406889259586	-0.32433809295772653
0.9350576776244942	0.4139337261256487	-0.3489914037501315
0.9273659344108434	0.44570462030897023	-0.37307055471980244
0.9195293548631691	0.4769909534310064	-0.3965203082941643
0.9115982130038094	0.5076878915071821	-0.4192861045109805
0.9036222936627757	0.5376919580342094	-0.44131425169697347
0.8956506914377445	0.5669014268360449	-0.46255211827377785
